A = 
     3     1     2
     6     3     4
     3     1     5

b = 
     0
     1
     3


L =
     1     0     0
     2     1     0
     1     0     1

U =
     3     1     2
     0     1     0
     0     0     3

x =
    -1
     1
     1



A = 
     4     2     0
     4     4     2
     2     2     3

b = 
     2
     4
     6


L =
    1.0000         0         0
    1.0000    1.0000         0
    0.5000    0.5000    1.0000

U =
     4     2     0
     0     2     2
     0     0     2

x =
     1
    -1
     2



